100	90	80	70	60
55	66	77	88	99
77	55	12
66	88	12	90
23
23	45	56
33	89	78	90	100
78	66	55	44	23	
90	21	56	89	
78	23	34	90	100
22	23	56
45	78	90	12	34
34	67	
45	78	90			55
		67	56			78
43	56	89	43	65
12	34	89	23	90
34	45	56	67	89
23	23	43	43	
56	89	99	67
12	23	45	67	78
12	54	90	78	
23	33	67	90 100
23	45	45  78  100
45	32	54	34
34	56	67
12	54	65	43
12	34	54	66	77
11	23	45	56	78
12	34	45	54
12	34	56	54
12	34	45	54	45
12	45	66	77	
54	54	21	21	21
21	32	32	32	43
32	43	54	65
23	43	12	5	9
12	33	55	66	8
90	21	33	43	1
21	4		6		6
12	21	67
55	43	54	65	76
65	77	88	99
12	34	54	76
12	23	54
54	66	12	11	54
21	34	67	89	10
34
56	67
23	56